{{Rsnum
|rsid=1993293
|Chromosome=15
|position=99757458
|Orientation=plus
|GMAF=0.4206
|Assembly=GRCh38
|GenomeBuild=38.1
|dbSNPBuild=141
|geno1=(A;A)
|geno2=(A;G)
|geno3=(G;G)
|StabilizedOrientation=plus
}}{{ population diversity
| geno1=(A;A)
| geno2=(A;G)
| geno3=(G;G)
| CEU | 36.3 | 47.8 | 15.9
| HCB | 28.5 | 54.7 | 16.8
| JPT | 23.9 | 46.0 | 30.1
| YRI | 51.7 | 40.1 | 8.2
| ASW | 52.6 | 38.6 | 8.8
| CHB | 28.5 | 54.7 | 16.8
| CHD | 28.4 | 50.5 | 21.1
| GIH | 37.6 | 41.6 | 20.8
| LWK | 65.5 | 32.7 | 1.8
| MEX | 15.5 | 46.6 | 37.9
| MKK | 52.6 | 39.7 | 7.7
| TSI | 29.4 | 50.0 | 20.6
| HapMapRevision=28
}}{{PMID Auto GWAS
  |PMID=23870195
  |Trait=Coronary artery calcification
  |Title=Genetics of coronary artery calcification among African Americans, a meta-analysis.
  |RiskAllele=A
  |Pval=4E-6
  |OR=.17
  |ORtxt=[0.092-0.248] unit increase
  |OA=1
}}

{{on chip | Affy GenomeWide 6}}
{{on chip | Illumina Human 1M}}